=== Inverse Kinematics Results ===

Initial Position (x, y, z):
[-0.30000, -1.30000, 0.70000]

Target Position (x, y, z):
[-0.51273, -1.02604, 0.76849]

Final Solved Position (x, y, z):
[-0.51273, -1.02604, 0.76849]

Distance Error to Target: 0.00000 meters

=== Per-Step Trajectory ===

--- Step 0/20 ---
Position: [-0.30000, -1.30000, 0.70000]
Quaternion [x, y, z, w]: [0.50000, 0.50000, -0.50000, 0.50000]
Rotation Matrix:
  [0.00000, 1.00000, 0.00000]
  [0.00000, 0.00000, -1.00000]
  [-1.00000, 0.00000, 0.00000]

--- Step 1/20 ---
Position: [-0.33935, -1.29852, 0.68187]
Quaternion [x, y, z, w]: [-0.50720, -0.48685, 0.53083, -0.47323]
Rotation Matrix:
  [-0.03760, 0.99627, -0.07770]
  [-0.00855, -0.07807, -0.99691]
  [-0.99926, -0.03682, 0.01145]

--- Step 2/20 ---
Position: [-0.37728, -1.29426, 0.66696]
Quaternion [x, y, z, w]: [-0.51098, -0.47366, 0.56184, -0.44595]
Rotation Matrix:
  [-0.08004, 0.98518, -0.15172]
  [-0.01705, -0.15354, -0.98799]
  [-0.99665, -0.07650, 0.02909]

--- Step 3/20 ---
Position: [-0.41337, -1.28750, 0.65534]
Quaternion [x, y, z, w]: [-0.51135, -0.46045, 0.59286, -0.41836]
Rotation Matrix:
  [-0.12700, 0.96696, -0.22105]
  [-0.02516, -0.22592, -0.97382]
  [-0.99158, -0.11811, 0.05302]

--- Step 4/20 ---
Position: [-0.44723, -1.27853, 0.64700]
Quaternion [x, y, z, w]: [-0.50833, -0.44722, 0.62371, -0.39062]
Rotation Matrix:
  [-0.17803, 0.94194, -0.28471]
  [-0.03260, -0.29482, -0.95500]
  [-0.98349, -0.16073, 0.08320]

--- Step 5/20 ---
Position: [-0.47850, -1.26767, 0.64187]
Quaternion [x, y, z, w]: [-0.50198, -0.43396, 0.65420, -0.36292]
Rotation Matrix:
  [-0.23260, 0.91053, -0.34181]
  [-0.03916, -0.35994, -0.93215]
  [-0.97178, -0.20344, 0.11938]

--- Step 6/20 ---
Position: [-0.50685, -1.25519, 0.63983]
Quaternion [x, y, z, w]: [-0.49238, -0.42067, 0.68417, -0.33542]
Rotation Matrix:
  [-0.29011, 0.87323, -0.39155]
  [-0.04471, -0.42107, -0.90593]
  [-0.95595, -0.24531, 0.16120]

--- Step 7/20 ---
Position: [-0.53196, -1.24139, 0.64070]
Quaternion [x, y, z, w]: [-0.47962, -0.40732, 0.71346, -0.30828]
Rotation Matrix:
  [-0.34985, 0.83061, -0.43323]
  [-0.04918, -0.47811, -0.87692]
  [-0.93551, -0.28549, 0.20812]

--- Step 8/20 ---
Position: [-0.55359, -1.22655, 0.64423]
Quaternion [x, y, z, w]: [-0.46380, -0.39388, 0.74189, -0.28168]
Rotation Matrix:
  [-0.41109, 0.78331, -0.46628]
  [-0.05258, -0.53103, -0.84572]
  [-0.91008, -0.32315, 0.25949]

--- Step 9/20 ---
Position: [-0.57153, -1.21090, 0.65015]
Quaternion [x, y, z, w]: [-0.44507, -0.38034, 0.76932, -0.25574]
Rotation Matrix:
  [-0.47302, 0.73205, -0.49026]
  [-0.05495, -0.57988, -0.81285]
  [-0.87933, -0.35756, 0.31452]

--- Step 10/20 ---
Position: [-0.58559, -1.19467, 0.65812]
Quaternion [x, y, z, w]: [-0.42355, -0.36664, 0.79560, -0.23063]
Rotation Matrix:
  [-0.53482, 0.67756, -0.50485]
  [-0.05639, -0.62477, -0.77877]
  [-0.84308, -0.38803, 0.37235]

--- Step 11/20 ---
Position: [-0.59567, -1.17806, 0.66780]
Quaternion [x, y, z, w]: [-0.39943, -0.35275, 0.82061, -0.20646]
Rotation Matrix:
  [-0.59566, 0.62064, -0.50990]
  [-0.05705, -0.66588, -0.74387]
  [-0.80121, -0.41400, 0.43204]

--- Step 12/20 ---
Position: [-0.60170, -1.16122, 0.67882]
Quaternion [x, y, z, w]: [-0.37288, -0.33862, 0.84420, -0.18336]
Rotation Matrix:
  [-0.65469, 0.56211, -0.50539]
  [-0.05706, -0.70343, -0.70847]
  [-0.75374, -0.43499, 0.49260]

--- Step 13/20 ---
Position: [-0.60367, -1.14427, 0.69077]
Quaternion [x, y, z, w]: [-0.34408, -0.32420, 0.86628, -0.16143]
Rotation Matrix:
  [-0.71110, 0.50279, -0.49147]
  [-0.05659, -0.73767, -0.67279]
  [-0.70081, -0.45060, 0.55301]

--- Step 14/20 ---
Position: [-0.60161, -1.12731, 0.70325]
Quaternion [x, y, z, w]: [-0.31324, -0.30944, 0.88674, -0.14078]
Rotation Matrix:
  [-0.76412, 0.44353, -0.46841]
  [-0.05581, -0.76886, -0.63697]
  [-0.64266, -0.46058, 0.61226]

--- Step 15/20 ---
Position: [-0.59561, -1.11038, 0.71589]
Quaternion [x, y, z, w]: [-0.28059, -0.29428, 0.90549, -0.12148]
Rotation Matrix:
  [-0.81303, 0.38514, -0.43664]
  [-0.05486, -0.79729, -0.60110]
  [-0.57963, -0.46476, 0.66935]

--- Step 16/20 ---
Position: [-0.58580, -1.09352, 0.72828]
Quaternion [x, y, z, w]: [-0.24633, -0.27867, 0.92246, -0.10360]
Rotation Matrix:
  [-0.85718, 0.32843, -0.39672]
  [-0.05385, -0.82322, -0.56516]
  [-0.51220, -0.46308, 0.72333]

--- Step 17/20 ---
Position: [-0.57237, -1.07670, 0.74006]
Quaternion [x, y, z, w]: [-0.21071, -0.26255, 0.93758, -0.08721]
Rotation Matrix:
  [-0.89600, 0.27417, -0.34932]
  [-0.05288, -0.84692, -0.52908]
  [-0.44090, -0.45558, 0.77334]

--- Step 18/20 ---
Position: [-0.55554, -1.05989, 0.75089]
Quaternion [x, y, z, w]: [-0.17396, -0.24588, 0.95082, -0.07233]
Rotation Matrix:
  [-0.92902, 0.22309, -0.29523]
  [-0.05200, -0.86863, -0.49273]
  [-0.36637, -0.44240, 0.81857]

--- Step 19/20 ---
Position: [-0.53556, -1.04303, 0.76046]
Quaternion [x, y, z, w]: [-0.13632, -0.22859, 0.96212, -0.05900]
Rotation Matrix:
  [-0.95587, 0.17585, -0.23534]
  [-0.05121, -0.88853, -0.45595]
  [-0.28929, -0.42378, 0.85833]

--- Step 20/20 ---
Position: [-0.51273, -1.02604, 0.76849]
Quaternion [x, y, z, w]: [-0.09805, -0.21064, 0.97149, -0.04723]
Rotation Matrix:
  [-0.97631, 0.13308, -0.17060]
  [-0.05047, -0.90680, -0.41853]
  [-0.21040, -0.40001, 0.89203]

