=== Inverse Kinematics Results ===

Initial Position (x, y, z):
[-0.30000, -1.30000, 0.70000]

Target Position (x, y, z):
[-0.90594, -0.80475, 0.38252]

Final Solved Position (x, y, z):
[-0.90594, -0.80475, 0.38252]

Distance Error to Target: 0.00000 meters

=== Per-Step Trajectory ===

--- Step 0/20 ---
Position: [-0.30000, -1.30000, 0.70000]
Quaternion [x, y, z, w]: [0.50000, 0.50000, -0.50000, 0.50000]
Rotation Matrix:
  [0.00000, 1.00000, 0.00000]
  [0.00000, 0.00000, -1.00000]
  [-1.00000, 0.00000, 0.00000]

--- Step 1/20 ---
Position: [-0.35451, -1.29813, 0.69223]
Quaternion [x, y, z, w]: [0.53214, 0.48722, -0.50637, 0.47226]
Rotation Matrix:
  [0.01241, 0.99682, -0.07873]
  [0.04025, -0.07917, -0.99605]
  [-0.99911, 0.00919, -0.04110]

--- Step 2/20 ---
Position: [-0.40813, -1.29258, 0.68312]
Quaternion [x, y, z, w]: [0.56422, 0.47302, -0.51027, 0.44445]
Rotation Matrix:
  [0.03176, 0.98735, -0.15535]
  [0.08019, -0.15745, -0.98427]
  [-0.99627, 0.01880, -0.08418]

--- Step 3/20 ---
Position: [-0.46049, -1.28344, 0.67270]
Quaternion [x, y, z, w]: [0.59610, 0.45743, -0.51169, 0.41664]
Rotation Matrix:
  [0.05785, 0.97174, -0.22888]
  [0.11897, -0.23434, -0.96485]
  [-0.99121, 0.02858, -0.12917]

--- Step 4/20 ---
Position: [-0.51120, -1.27083, 0.66098]
Quaternion [x, y, z, w]: [0.62763, 0.44052, -0.51065, 0.38892]
Rotation Matrix:
  [0.09035, 0.95017, -0.29834]
  [0.15576, -0.30936, -0.93810]
  [-0.98365, 0.03829, -0.17595]

--- Step 5/20 ---
Position: [-0.55991, -1.25494, 0.64802]
Quaternion [x, y, z, w]: [0.65865, 0.42233, -0.50716, 0.36139]
Rotation Matrix:
  [0.12884, 0.92291, -0.36283]
  [0.18977, -0.38206, -0.90444]
  [-0.97334, 0.04768, -0.22436]

--- Step 6/20 ---
Position: [-0.60629, -1.23596, 0.63388]
Quaternion [x, y, z, w]: [0.68902, 0.40293, -0.50126, 0.33413]
Rotation Matrix:
  [0.17278, 0.89022, -0.42150]
  [0.22028, -0.45202, -0.86438]
  [-0.96001, 0.05650, -0.27419]

--- Step 7/20 ---
Position: [-0.65004, -1.21411, 0.61866]
Quaternion [x, y, z, w]: [0.71860, 0.38236, -0.49299, 0.30720]
Rotation Matrix:
  [0.22152, 0.85242, -0.47361]
  [0.24664, -0.51886, -0.81851]
  [-0.94345, 0.06451, -0.32518]

--- Step 8/20 ---
Position: [-0.69087, -1.18968, 0.60244]
Quaternion [x, y, z, w]: [0.74726, 0.36070, -0.48240, 0.28069]
Rotation Matrix:
  [0.27437, 0.80989, -0.51847]
  [0.26827, -0.58221, -0.76750]
  [-0.92345, 0.07149, -0.37701]

--- Step 9/20 ---
Position: [-0.72856, -1.16292, 0.58534]
Quaternion [x, y, z, w]: [0.77486, 0.33803, -0.46955, 0.25466]
Rotation Matrix:
  [0.33052, 0.76300, -0.55551]
  [0.28469, -0.64177, -0.71209]
  [-0.89984, 0.07721, -0.42934]

--- Step 10/20 ---
Position: [-0.76289, -1.13414, 0.56750]
Quaternion [x, y, z, w]: [0.80128, 0.31440, -0.45452, 0.22918]
Rotation Matrix:
  [0.38913, 0.71217, -0.58428]
  [0.29551, -0.69726, -0.65307]
  [-0.87250, 0.08146, -0.48178]

--- Step 11/20 ---
Position: [-0.79371, -1.10365, 0.54906]
Quaternion [x, y, z, w]: [0.82639, 0.28990, -0.43738, 0.20430]
Rotation Matrix:
  [0.44932, 0.65786, -0.60443]
  [0.30044, -0.74844, -0.59125]
  [-0.84134, 0.08407, -0.53393]

--- Step 12/20 ---
Position: [-0.82089, -1.07177, 0.53017]
Quaternion [x, y, z, w]: [0.85009, 0.26461, -0.41821, 0.18008]
Rotation Matrix:
  [0.51016, 0.60051, -0.61573]
  [0.29926, -0.79511, -0.52749]
  [-0.80634, 0.08484, -0.58534]

--- Step 13/20 ---
Position: [-0.84435, -1.03882, 0.51098]
Quaternion [x, y, z, w]: [0.87227, 0.23860, -0.39712, 0.15657]
Rotation Matrix:
  [0.57073, 0.54060, -0.61807]
  [0.29190, -0.83711, -0.46265]
  [-0.76750, 0.08364, -0.63557]

--- Step 14/20 ---
Position: [-0.86406, -1.00514, 0.49167]
Quaternion [x, y, z, w]: [0.89283, 0.21196, -0.37420, 0.13381]
Rotation Matrix:
  [0.63010, 0.47863, -0.61147]
  [0.27834, -0.87434, -0.39757]
  [-0.72491, 0.08031, -0.68414]

--- Step 15/20 ---
Position: [-0.88000, -0.97104, 0.47241]
Quaternion [x, y, z, w]: [0.91168, 0.18476, -0.34956, 0.11184]
Rotation Matrix:
  [0.68734, 0.41508, -0.59604]
  [0.25870, -0.90671, -0.33309]
  [-0.67870, 0.07475, -0.73060]

--- Step 16/20 ---
Position: [-0.89221, -0.93684, 0.45336]
Quaternion [x, y, z, w]: [0.92874, 0.15710, -0.32331, 0.09069]
Rotation Matrix:
  [0.74158, 0.35045, -0.57205]
  [0.23317, -0.93419, -0.27003]
  [-0.62904, 0.06687, -0.77449]

--- Step 17/20 ---
Position: [-0.90079, -0.90283, 0.43468]
Quaternion [x, y, z, w]: [0.94394, 0.12905, -0.29558, 0.07038]
Rotation Matrix:
  [0.79196, 0.28524, -0.53985]
  [0.20202, -0.95679, -0.20916]
  [-0.57618, 0.05659, -0.81536]

--- Step 18/20 ---
Position: [-0.90583, -0.86930, 0.41655]
Quaternion [x, y, z, w]: [0.95721, 0.10069, -0.26648, 0.05095]
Rotation Matrix:
  [0.83770, 0.21992, -0.49989]
  [0.16562, -0.97453, -0.15120]
  [-0.52041, 0.04387, -0.85279]

--- Step 19/20 ---
Position: [-0.90749, -0.83652, 0.39911]
Quaternion [x, y, z, w]: [0.96850, 0.07211, -0.23614, 0.03240]
Rotation Matrix:
  [0.87808, 0.15499, -0.45273]
  [0.12439, -0.98750, -0.09681]
  [-0.46207, 0.02869, -0.88638]

--- Step 20/20 ---
Position: [-0.90594, -0.80475, 0.38252]
Quaternion [x, y, z, w]: [0.97775, 0.04339, -0.20469, 0.01474]
Rotation Matrix:
  [0.91244, 0.09089, -0.39900]
  [0.07882, -0.99580, -0.04659]
  [-0.40156, 0.01106, -0.91577]

