=== Inverse Kinematics Results ===

Initial Position (x, y, z):
[-0.30000, -1.30000, 0.70000]

Target Position (x, y, z):
[-0.61671, -0.88712, 0.10226]

Final Solved Position (x, y, z):
[-0.61671, -0.88712, 0.10226]

Distance Error to Target: 0.00000 meters

=== Per-Step Trajectory ===

--- Step 0/20 ---
Position: [-0.30000, -1.30000, 0.70000]
Quaternion [x, y, z, w]: [0.50000, 0.50000, -0.50000, 0.50000]
Rotation Matrix:
  [0.00000, 1.00000, 0.00000]
  [0.00000, 0.00000, -1.00000]
  [-1.00000, 0.00000, 0.00000]

--- Step 1/20 ---
Position: [-0.33310, -1.29870, 0.66846]
Quaternion [x, y, z, w]: [0.53111, 0.50080, -0.49047, 0.47599]
Rotation Matrix:
  [0.01728, 0.99887, -0.04423]
  [0.06504, -0.04527, -0.99686]
  [-0.99773, 0.01435, -0.06575]

--- Step 2/20 ---
Position: [-0.36528, -1.29481, 0.63616]
Quaternion [x, y, z, w]: [0.56177, 0.50066, -0.47923, 0.45177]
Rotation Matrix:
  [0.03937, 0.99551, -0.08607]
  [0.12951, -0.09050, -0.98744]
  [-0.99080, 0.02773, -0.13249]

--- Step 3/20 ---
Position: [-0.39634, -1.28833, 0.60325]
Quaternion [x, y, z, w]: [0.59191, 0.49957, -0.46628, 0.42738]
Rotation Matrix:
  [0.06602, 0.98996, -0.12499]
  [0.19283, -0.13556, -0.97182]
  [-0.97901, 0.04006, -0.19985]

--- Step 4/20 ---
Position: [-0.42608, -1.27931, 0.56985]
Quaternion [x, y, z, w]: [0.62142, 0.49752, -0.45166, 0.40288]
Rotation Matrix:
  [0.09695, 0.98227, -0.16046]
  [0.25441, -0.18032, -0.95014]
  [-0.96222, 0.05129, -0.26739]

--- Step 5/20 ---
Position: [-0.45431, -1.26781, 0.53612]
Quaternion [x, y, z, w]: [0.65021, 0.49452, -0.43538, 0.37831]
Rotation Matrix:
  [0.13178, 0.97250, -0.19201]
  [0.31368, -0.22466, -0.92257]
  [-0.94034, 0.06135, -0.33466]

--- Step 6/20 ---
Position: [-0.48086, -1.25389, 0.50223]
Quaternion [x, y, z, w]: [0.67819, 0.49057, -0.41747, 0.35372]
Rotation Matrix:
  [0.17012, 0.96073, -0.21920]
  [0.37007, -0.26845, -0.88937]
  [-0.91329, 0.07018, -0.40121]

--- Step 7/20 ---
Position: [-0.50556, -1.23766, 0.46833]
Quaternion [x, y, z, w]: [0.70527, 0.48567, -0.39796, 0.32916]
Rotation Matrix:
  [0.21151, 0.94704, -0.24162]
  [0.42307, -0.31156, -0.85085]
  [-0.88106, 0.07774, -0.46657]

--- Step 8/20 ---
Position: [-0.52826, -1.21923, 0.43459]
Quaternion [x, y, z, w]: [0.73136, 0.47982, -0.37689, 0.30468]
Rotation Matrix:
  [0.25545, 0.93151, -0.25891]
  [0.47218, -0.35388, -0.80735]
  [-0.84368, 0.08399, -0.53024]

--- Step 9/20 ---
Position: [-0.54883, -1.19873, 0.40119]
Quaternion [x, y, z, w]: [0.75638, 0.47304, -0.35431, 0.28034]
Rotation Matrix:
  [0.30140, 0.91425, -0.27077]
  [0.51693, -0.39529, -0.75929]
  [-0.80121, 0.08888, -0.59174]

--- Step 10/20 ---
Position: [-0.56716, -1.17630, 0.36829]
Quaternion [x, y, z, w]: [0.78023, 0.46533, -0.33027, 0.25618]
Rotation Matrix:
  [0.34878, 0.89535, -0.27696]
  [0.55692, -0.43568, -0.70713]
  [-0.75379, 0.09239, -0.65059]

--- Step 11/20 ---
Position: [-0.58314, -1.15212, 0.33606]
Quaternion [x, y, z, w]: [0.80284, 0.45672, -0.30481, 0.23225]
Rotation Matrix:
  [0.39700, 0.87493, -0.27729]
  [0.59176, -0.47494, -0.65134]
  [-0.70158, 0.09449, -0.70630]

--- Step 12/20 ---
Position: [-0.59671, -1.12635, 0.30467]
Quaternion [x, y, z, w]: [0.82414, 0.44722, -0.27800, 0.20860]
Rotation Matrix:
  [0.44543, 0.85311, -0.27164]
  [0.62115, -0.51297, -0.59248]
  [-0.64479, 0.09518, -0.75841]

--- Step 13/20 ---
Position: [-0.60782, -1.09918, 0.27430]
Quaternion [x, y, z, w]: [0.84403, 0.43685, -0.24989, 0.18528]
Rotation Matrix:
  [0.49344, 0.83002, -0.25996]
  [0.64482, -0.54968, -0.53109]
  [-0.58371, 0.09443, -0.80645]

--- Step 14/20 ---
Position: [-0.61642, -1.07081, 0.24509]
Quaternion [x, y, z, w]: [0.86246, 0.42563, -0.22056, 0.16233]
Rotation Matrix:
  [0.54038, 0.80579, -0.24227]
  [0.66257, -0.58498, -0.46776]
  [-0.51864, 0.09225, -0.85000]

--- Step 15/20 ---
Position: [-0.62252, -1.04144, 0.21720]
Quaternion [x, y, z, w]: [0.87935, 0.41359, -0.19008, 0.13980]
Rotation Matrix:
  [0.58562, 0.78054, -0.21864]
  [0.67425, -0.61879, -0.40310]
  [-0.44993, 0.08865, -0.88865]

--- Step 16/20 ---
Position: [-0.62613, -1.01129, 0.19078]
Quaternion [x, y, z, w]: [0.89465, 0.40077, -0.15851, 0.11775]
Rotation Matrix:
  [0.62852, 0.75442, -0.18924]
  [0.67977, -0.65104, -0.33773]
  [-0.37800, 0.08363, -0.92202]

--- Step 17/20 ---
Position: [-0.62728, -0.98057, 0.16595]
Quaternion [x, y, z, w]: [0.90828, 0.38719, -0.12594, 0.09619]
Rotation Matrix:
  [0.66845, 0.72758, -0.15428]
  [0.67912, -0.68166, -0.27227]
  [-0.30327, 0.07722, -0.94977]

--- Step 18/20 ---
Position: [-0.62604, -0.94949, 0.14285]
Quaternion [x, y, z, w]: [0.92019, 0.37288, -0.09245, 0.07520]
Rotation Matrix:
  [0.70482, 0.70015, -0.11406]
  [0.67235, -0.71061, -0.20733]
  [-0.22622, 0.06945, -0.97160]

--- Step 19/20 ---
Position: [-0.62248, -0.91827, 0.12159]
Quaternion [x, y, z, w]: [0.93034, 0.35789, -0.05812, 0.05479]
Rotation Matrix:
  [0.73708, 0.67229, -0.06892]
  [0.65955, -0.73783, -0.14354]
  [-0.14735, 0.06034, -0.98724]

--- Step 20/20 ---
Position: [-0.61671, -0.88712, 0.10226]
Quaternion [x, y, z, w]: [0.93867, 0.34225, -0.02304, 0.03501]
Rotation Matrix:
  [0.76467, 0.64413, -0.01929]
  [0.64090, -0.76328, -0.08149]
  [-0.06721, 0.04995, -0.99649]

