=== Inverse Kinematics Results ===

Initial Position (x, y, z):
[-0.30000, -1.30000, 0.70000]

Target Position (x, y, z):
[-1.25086, -0.08872, 1.08067]

Final Solved Position (x, y, z):
[-1.25086, -0.08872, 1.08067]

Distance Error to Target: 0.00000 meters

=== Per-Step Trajectory ===

--- Step 0/20 ---
Position: [-0.30000, -1.30000, 0.70000]
Quaternion [x, y, z, w]: [0.50000, 0.50000, -0.50000, 0.50000]
Rotation Matrix:
  [0.00000, 1.00000, 0.00000]
  [0.00000, 0.00000, -1.00000]
  [-1.00000, 0.00000, 0.00000]

--- Step 1/20 ---
Position: [-0.38363, -1.29543, 0.75304]
Quaternion [x, y, z, w]: [-0.51802, -0.45689, 0.52669, -0.49548]
Rotation Matrix:
  [0.02770, 0.99529, -0.09292]
  [-0.04857, -0.09151, -0.99462]
  [-0.99844, 0.03206, 0.04580]

--- Step 2/20 ---
Position: [-0.46748, -1.28179, 0.80357]
Quaternion [x, y, z, w]: [-0.53449, -0.41256, 0.55165, -0.48969]
Rotation Matrix:
  [0.05096, 0.98129, -0.18565]
  [-0.09925, -0.18000, -0.97865]
  [-0.99376, 0.06830, 0.08822]

--- Step 3/20 ---
Position: [-0.55062, -1.25932, 0.85124]
Quaternion [x, y, z, w]: [-0.54934, -0.36715, 0.57481, -0.48272]
Rotation Matrix:
  [0.06959, 0.95832, -0.27708]
  [-0.15156, -0.26437, -0.95244]
  [-0.98600, 0.10827, 0.12684]

--- Step 4/20 ---
Position: [-0.63217, -1.22832, 0.89574]
Quaternion [x, y, z, w]: [-0.56251, -0.32081, 0.59614, -0.47464]
Rotation Matrix:
  [0.08341, 0.92682, -0.36613]
  [-0.20498, -0.34360, -0.91647]
  [-0.97521, 0.15149, 0.16132]

--- Step 5/20 ---
Position: [-0.71128, -1.18922, 0.93680]
Quaternion [x, y, z, w]: [-0.57396, -0.27368, 0.61558, -0.46554]
Rotation Matrix:
  [0.09231, 0.88732, -0.45181]
  [-0.25900, -0.41674, -0.87135]
  [-0.96146, 0.19745, 0.19135]

--- Step 6/20 ---
Position: [-0.78717, -1.14252, 0.97420]
Quaternion [x, y, z, w]: [-0.58363, -0.22592, 0.63313, -0.45551]
Rotation Matrix:
  [0.09622, 0.84049, -0.53321]
  [-0.31309, -0.48294, -0.81777]
  [-0.94484, 0.24563, 0.21668]

--- Step 7/20 ---
Position: [-0.85911, -1.08879, 1.00774]
Quaternion [x, y, z, w]: [-0.59150, -0.17766, 0.64874, -0.44463]
Rotation Matrix:
  [0.09514, 0.78707, -0.60948]
  [-0.36672, -0.54148, -0.75651]
  [-0.92545, 0.29548, 0.23712]

--- Step 8/20 ---
Position: [-0.92645, -1.02869, 1.03728]
Quaternion [x, y, z, w]: [-0.59756, -0.12907, 0.66241, -0.43298]
Rotation Matrix:
  [0.08910, 0.72788, -0.67989]
  [-0.41937, -0.59174, -0.68846]
  [-0.90343, 0.34647, 0.25253]

--- Step 9/20 ---
Position: [-0.98860, -0.96293, 1.06272]
Quaternion [x, y, z, w]: [-0.60178, -0.08028, 0.67414, -0.42065]
Rotation Matrix:
  [0.07817, 0.66379, -0.74382]
  [-0.47054, -0.63321, -0.61452]
  [-0.87891, 0.39804, 0.26284]

--- Step 10/20 ---
Position: [-1.04509, -0.89223, 1.08399]
Quaternion [x, y, z, w]: [-0.60416, -0.03145, 0.68393, -0.40773]
Rotation Matrix:
  [0.06250, 0.59572, -0.80076]
  [-0.51972, -0.66553, -0.53569]
  [-0.85205, 0.44965, 0.26801]

--- Step 11/20 ---
Position: [-1.09550, -0.81740, 1.10107]
Quaternion [x, y, z, w]: [-0.60470, 0.01729, 0.69178, -0.39430]
Rotation Matrix:
  [0.04227, 0.52463, -0.85028]
  [-0.56646, -0.68846, -0.45294]
  [-0.82301, 0.50079, 0.26807]

--- Step 12/20 ---
Position: [-1.13951, -0.73923, 1.11398]
Quaternion [x, y, z, w]: [-0.60342, 0.06580, 0.69773, -0.38044]
Rotation Matrix:
  [0.01770, 0.45147, -0.89211]
  [-0.61029, -0.70188, -0.36731]
  [-0.79198, 0.55095, 0.26310]

--- Step 13/20 ---
Position: [-1.17688, -0.65854, 1.12278]
Quaternion [x, y, z, w]: [-0.60034, 0.11393, 0.70178, -0.36622]
Rotation Matrix:
  [-0.01095, 0.37721, -0.92606]
  [-0.65081, -0.70580, -0.27980]
  [-0.75916, 0.59963, 0.25322]

--- Step 14/20 ---
Position: [-1.20749, -0.57614, 1.12756]
Quaternion [x, y, z, w]: [-0.59548, 0.16157, 0.70398, -0.35173]
Rotation Matrix:
  [-0.04338, 0.30280, -0.95207]
  [-0.68764, -0.70036, -0.19142]
  [-0.72475, 0.64638, 0.23860]

--- Step 15/20 ---
Position: [-1.23126, -0.49283, 1.12843]
Quaternion [x, y, z, w]: [-0.58888, 0.20857, 0.70436, -0.33705]
Rotation Matrix:
  [-0.07924, 0.22915, -0.97016]
  [-0.72045, -0.68580, -0.10314]
  [-0.68897, 0.69077, 0.21944]

--- Step 16/20 ---
Position: [-1.24821, -0.40939, 1.12556]
Quaternion [x, y, z, w]: [-0.58058, 0.25482, 0.70297, -0.32223]
Rotation Matrix:
  [-0.11819, 0.15714, -0.98048]
  [-0.74892, -0.66247, -0.01590]
  [-0.65203, 0.73242, 0.19599]

--- Step 17/20 ---
Position: [-1.25844, -0.32657, 1.11913]
Quaternion [x, y, z, w]: [-0.57063, 0.30021, 0.69985, -0.30736]
Rotation Matrix:
  [-0.15983, 0.08759, -0.98325]
  [-0.77282, -0.63081, 0.06943]
  [-0.61417, 0.77097, 0.16852]

--- Step 18/20 ---
Position: [-1.26213, -0.24509, 1.10935]
Quaternion [x, y, z, w]: [-0.55908, 0.34462, 0.69507, -0.29249]
Rotation Matrix:
  [-0.20376, 0.02127, -0.97879]
  [-0.79194, -0.59138, 0.15201]
  [-0.57560, 0.80611, 0.13734]

--- Step 19/20 ---
Position: [-1.25951, -0.16560, 1.09645]
Quaternion [x, y, z, w]: [-0.54599, 0.38795, 0.68868, -0.27769]
Rotation Matrix:
  [-0.24956, -0.04115, -0.96749]
  [-0.80611, -0.54477, 0.23110]
  [-0.53657, 0.83758, 0.10278]

--- Step 20/20 ---
Position: [-1.25086, -0.08872, 1.08067]
Quaternion [x, y, z, w]: [-0.53143, 0.43010, 0.68074, -0.26302]
Rotation Matrix:
  [-0.29679, -0.09904, -0.94979]
  [-0.81524, -0.49166, 0.30602]
  [-0.49729, 0.86513, 0.06518]

